initial_metrics:
  old_distribution: 0.7833333333333333
  new_distribution: 0.6333333333333333
