initial_metrics:
  old_distribution: 0.9133333333333333
  new_distribution: 0.7166666666666667
