model_large_score:
  on_new_data: 0.6666666666666666
  on_old_data: 0.7733333333333333
