model_new_score:
  on_new_data: 0.7666666666666667
  on_old_data: 0.6966666666666667
