model_new_score:
  on_new_data: 0.39285714285714285
  on_old_data: 0.48214285714285715
