model_new_score:
  on_new_data: 0.8833333333333333
  on_old_data: 0.9016666666666666
