model_new_score:
  on_new_data: 0.5666666666666667
  on_old_data: 0.7933333333333333
