model_old_score:
  on_new_data: 0.6333333333333333
  on_old_data: 0.7833333333333333
