model_old_score:
  on_new_data: 0.7166666666666667
  on_old_data: 0.9133333333333333
